3.84615e+11
29.4128
9.89265
7.98114
9.94862
1114.57
9.5871
17.1617
17.8316
26.7242
27.3309
19.0904
31.3362
24.7362
24.7539
24.6402
43.8981
21.1831
38.5909
45.0407
36.9743
20.2783
20.0223
33.3688
20.6166
31.7806
36.8715
22.889
20.4083
27.2821
12.3669
24.0111
22.3202
22.8295
18.5026
46.3148
12.1037
18.9594
21.2816
19.0424
21.0589
39.2267
21.8486
23.2882
19.8819
9.05414
19.9327
12.4254
12.3579
18.8564
20.9695
8.99838
27.3271
17.3836
34.4841
31.6441
19.5224
28.4698
22.9927
19.7758
18.9077
19.7551
36.2668
18.4338
20.6373
29.3446
30.3395
11.3587
14.4741
24.2278
18.1989
20.7452
37.6646
19.5022
27.7024
14.5121
20.0937
16.5286
16.2553
16.9192
16.7856
32.9114
44.4965
16.9527
10.2231
9.29988
17.8535
13.7898
17.3664
15.249
19.3158
20.5476
22.043
41.8889
16.2596
14.0791
43.8409
16.5989
18.2092
19.5855
6.11199
14.651
9.76894
21.3675
9.68766
18.1754
16.817
25.4351
24.8006
58.9285
13.9096
14.2706
13.9062
20.4078
14.6569
7.75494
21.9909
19.9238
5.28437
20.8411
22.1732
15.5501
6.00823
16.4657
11.8317
23.6885
14.0154
12.9667
13.1508
14.6931
13.801
5.23306
22.2415
24.7615
34.6338
23.4916
11.6956
10.6279
16.0154
24.461
7.78416
19.6541
13.981
13.1236
13.9452
8.48851
15.6437
18.9899
14.0747
10.9073
35.6302
8.71941
15.9468
25.2626
11.0419
26.945
13.7159
27.2755
26.8638
11.1888
11.735
9.93329
14.1407
14.7373
6.89002
12.6941
14.103
24.0458
13.0851
14.5541
9.21657
26.9334
11.0488
17.6536
12.8475
12.8356
28.2116
14.1634
12.5676
11.9638
8.46068
25.8933
4.40245
14.9211
11.6548
12.2722
11.4396
13.9384
13.5219
24.0628
13.6502
15.0996
4.16181
11.3677
11.8565
11.6343
10.3074
10.7372
11.3138
24.0586
11.572
11.1584
23.0799
10.7379
20.8556
9.73302
16.0874
8.56866
27.9672
23.8711
16.9068
20.37
14.137
12.1442
24.3053
43.1082
13.8561
12.8132
31.0997
9.66992
30.8468
10.5
19.6279
10.689
12.0293
22.5751
10.6138
13.2129
10.454
9.34456
14.0749
13.1808
23.4407
11.112
27.4807
11.6166
10.9505
3.60536
9.68637
21.4241
22.8226
10.0293
3.37265
13.7945
16.9013
12.1173
10.082
10.7443
3.0219
8.28559
18.345
15.2391
21.4947
27.4543
8.00113
18.2337
12.1206
10.6972
8.18935
22.8393
13.4436
4.73191
20.8422
30.6426
7.09641
10.6379
13.8485
34.6294
20.9206
9.17003
2.83154
15.6676
4.36967
15.2677
22.271
25.9589
10.7983
21.5384
14.5571
25.6627
20.7769
8.102
11.2009
9.14812
19.5862
8.33853
3.43095
13.5016
10.0722
8.45071
9.40149
7.9246
10.6627
4.49273
8.23176
18.2367
10.5878
8.04676
13.7185
8.31635
30.114
25.4389
22.593
16.0441
7.67396
7.55453
9.60361
6.52246
6.95126
10.6946
15.3154
7.65207
7.88157
6.79728
9.90635
24.3929
13.0183
7.39654
33.8017
10.706
8.86555
10.4049
13.1994
7.34549
34.3239
5.86225
35.9245
11.288
11.7697
4.96727
19.4861
7.72279
6.55181
3.77123
3.64484
9.83648
6.74096
10.9462
9.86853
6.443
6.04224
4.3419
6.69407
26.9712
18.8613
8.82409
6.03648
7.4481
33.1914
20.5848
31.3734
20.6718
8.158
12.2272
6.3933
20.1685
11.1054
3.7709
44.5665
6.88479
6.95187
17.6629
6.89664
5.46491
9.28404
9.79239
11.4832
7.41201
6.95702
9.69939
5.72678
9.94651
8.01975
7.16255
7.23762
10.1852
12.1286
6.0832
8.59856
8.69664
5.8801
6.41156
2.22488
4.03024
7.73535
5.3433
2.67272
9.10643
32.3166
8.01904
19.2408
6.18927
6.8867
7.28281
19.7012
15.8843
6.81678
6.72774
27.7484
6.73401
4.19725
7.63572
4.88047
18.8728
25.971
21.0368
4.92902
17.9094
20.1215
12.045
4.16654
12.9035
11.2198
2.54937
7.93963
28.3759
36.1325
7.26558
6.46678
8.69812
7.8564
6.22835
11.3571
8.87628
9.30247
17.8403
9.42761
22.1968
6.71707
11.7901
11.3179
2.96322
12.3858
19.7823
7.76037
6.48891
6.97621
28.1354
7.71734
4.46694
8.83884
6.86248
6.92235
8.70139
9.23077
10.7023
9.27587
18.3198
14.4703
7.31379
7.00892
10.8383
6.62319
5.37359
13.4261
7.82823
26.2344
12.6005
10.3505
7.03454
19.7884
11.9912
6.66881
18.0838
7.06504
11.7643
8.47941
7.94063
18.9336
2.46706
17.4829
16.2219
27.8838
10.6667
11.8253
22.8706
10.2254
12.3465
20.7741
3.67681
7.75683
18.6895
3.72701
12.9966
10.4526
3.5439
8.82729
7.03245
21.5592
5.00993
3.5666
16.9828
6.45398
6.37061
6.44535
6.69957
15.8599
7.92263
2.63195
7.22269
11.0538
7.33635
9.12285
9.75462
3.71854
9.39362
2.6193
3.4876
8.88069
13.7219
16.2538
6.38269
5.97905
2.39148
20.6773
10.2852
5.92023
8.61244
10.8321
7.03713
6.28011
14.7984
8.26745
8.75278
36.4745
17.4218
3.40496
5.82039
22.8842
9.37727
27.0961
6.8036
8.15216
3.05008
12.449
7.07444
15.7662
16.4613
8.62062
6.58929
13.4907
11.1241
20.7447
5.8303
28.6381
26.8154
7.50067
10.218
6.88276
10.2059
15.2329
5.06092
17.3946
18.1171
5.31684
8.78121
3.06717
9.10855
3.35687
5.56068
7.55423
16.0483
3.34722
12.3374
16.5029
4.78767
7.45917
5.6422
6.9245
6.81195
8.26215
5.56716
5.31017
5.46489
5.48429
9.01444
29.4347
2.80876
7.4667
5.70647
2.22703
17.2064
5.15
12.5972
5.72815
6.7867
7.70113
8.05861
16.4138
5.24027
6.98726
10.1416
31.1435
2.14627
15.3533
8.62822
15.9055
16.4744
8.93879
7.79315
14.4042
9.16924
7.98578
14.0612
5.39288
6.60651
3.05425
10.1796
6.95414
2.96476
7.15513
8.309
4.90628
7.70749
6.14
7.75418
20.6013
15.9258
9.27574
8.68004
4.56344
7.78358
10.8693
20.7717
18.8675
7.70469
2.79045
4.9675
8.3746
14.8779
13.4699
4.97566
2.62664
7.71059
15.295
19.2898
20.4617
6.25601
9.79079
5.30882
4.0035
13.7247
8.84259
7.24607
19.6223
8.49966
5.16313
7.6752
5.08282
10.6697
6.11422
5.00639
12.1835
7.56001
10.5417
4.71363
8.11417
19.0193
10.1328
10.5131
8.06389
27.7773
5.5551
9.83621
4.97691
24.1193
8.78842
2.48223
29.8822
9.47077
6.04701
2.19531
10.2246
2.95056
17.0754
6.27688
2.53466
5.05682
9.62769
16.5573
3.70665
18.8295
4.71296
16.6752
2.54238
20.0766
22.9908
5.28577
2.61509
23.252
7.65838
28.562
6.26963
4.00259
23.5488
2.87491
15.4942
7.16728
5.1711
6.27645
7.54986
13.2361
6.56646
28.5707
9.84866
9.43561
7.17245
17.3035
11.3415
27.6724
6.7235
10.1108
5.31565
5.14718
19.3502
16.8691
6.46987
7.78725
6.45257
5.1467
7.1214
17.3566
8.51688
13.8157
2.59088
14.7526
2.27589
4.88785
17.3576
16.2757
15.7229
9.71863
14.0788
2.49436
28.0775
17.379
7.71152
3.761
5.3329
7.9003
2.59647
4.1027
7.23372
8.69041
9.05376
4.38457
7.80832
5.27744
6.22657
3.38783
7.84865
9.80016
15.706
9.05696
8.43968
5.02188
7.54499
29.0883
6.51947
7.14882
9.09966
5.26
6.44454
5.71782
6.06031
5.25139
3.94735
7.11115
7.86641
7.15573
6.09272
11.9827
5.03987
16.7766
5.84613
4.72676
6.8139
5.16425
5.4625
7.95504
9.43004
11.9235
10.7632
25.6053
7.32375
4.35091
6.46266
5.32368
10.0895
4.42428
9.14785
2.12895
20.6821
4.46036
9.1844
6.98882
2.0521
7.37561
4.84505
7.40253
5.64646
2.52889
8.3576
18.3602
11.5202
25.1121
7.17068
32.7632
14.9015
10.195
15.2904
31.8124
4.73489
12.3471
7.31272
14.2426
7.69052
13.603
2.02144
6.4238
5.13317
4.49413
4.33913
21.4805
19.4565
4.76306
13.2509
2.73234
6.5966
14.5236
13.0862
6.02667
2.2808
27.9101
14.273
14.7059
8.77685
4.72513
6.77893
2.37697
5.91985
12.0911
8.25426
6.2071
4.50023
18.0084
11.4159
8.01394
10.3838
5.1258
4.76297
12.7898
27.4927
7.63848
8.41302
6.48851
5.78814
19.5725
25.7436
6.73996
3.57828
10.726
7.20619
6.0971
8.90226
9.96693
27.6944
2.62115
7.06127
4.92685
4.23301
4.87884
8.79132
4.14734
8.16405
14.709
5.6283
4.1615
6.78553
4.3727
2.34329
6.77246
8.59071
4.79616
2.67543
13.2602
5.18119
10.2757
15.2099
4.79643
7.09233
10.0748
16.9322
9.45016
3.00895
4.37891
8.12868
7.10853
6.1824
6.40126
13.8942
16.6551
4.91181
8.01222
12.7516
4.43653
7.46981
4.40024
6.95753
25.5652
6.01002
4.73238
7.51823
5.42015
7.36566
25.9758
6.56999
4.63217
12.7261
7.40363
8.10779
14.717
12.7659
12.6726
4.29025
7.23064
2.40971
6.48214
5.1481
3.25113
7.68947
16.9697
4.49219
5.4298
8.14448
4.2727
5.58357
4.10087
25.8264
4.51311
13.0638
2.68905
6.19908
4.27417
7.79327
6.50588
2.08581
3.4403
6.70062
15.5664
6.60749
5.22717
24.68
7.05756
11.3249
4.46315
14.3477
8.26218
25.0032
3.11245
20.1872
6.73588
2.51756
10.5393
5.32652
6.64578
5.77459
7.68249
2.6409
4.81722
2.01339
12.0548
6.62212
7.12657
16.2586
4.60295
17.6844
6.32851
4.39334
2.46609
12.2403
4.46849
2.33235
4.11147
5.51656
12.0957
6.38627
4.4966
2.9239
7.24454
7.75247
3.10193
6.87154
5.99592
14.4848
4.43433
4.03224
6.1566
6.60065
4.68303
14.2306
12.4563
4.71669
4.95942
5.39323
8.31359
4.34094
4.28103
5.94414
4.04732
7.00675
12.0329
5.10494
4.25881
6.59052
12.2462
5.9371
6.67763
2.38622
4.49398
14.4938
4.10313
4.66678
3.70909
6.05039
3.22781
5.16691
5.25248
4.39045
11.2055
7.1074
3.91806
4.15289
6.43855
4.34326
6.98435
4.76014
20.4593
2.42021
27.0145
20.7637
18.2347
6.83485
7.18182
7.48729
6.23306
7.55274
9.45051
15.4444
2.34761
4.95721
2.88433
8.00276
3.15967
3.89752
5.36607
7.62437
4.86045
3.94472
3.80613
5.73055
4.61299
13.428
6.88512
19.4271
6.57805
2.79551
6.46674
15.8629
3.96746
7.19938
6.7897
20.9544
11.4688
2.25608
7.96874
2.45096
4.48769
8.02917
7.51398
6.96212
2.26764
8.88528
7.57039
18.0827
14.1975
4.15313
7.3477
2.02342
6.88891
4.23147
5.77195
6.69394
3.6037
7.48639
2.22222e+11
13.2417
1.08696e+11
2.14205
4.29648
2.98265
5.33719
3.45804
6.6268
7.50217
16.8802
12.3949
7.69877
2.13375
6.12775
6.05814
4.04473
6.08102
18.7564
7.81141
15.3443
5.90985
4.62076
7.2366
3.91669
3.70412
16.9434
7.35262
4.58694
6.92006
12.8634
4.05364
2.86648
2.17514
6.07048
14.4574
4.91566
4.11199
16.5048
28.6255
10.7818
4.39465
4.53857
9.66298
12.9414
21.5024
4.14496
5.98722
7.75788
4.09076
11.48
7.15703
8.43635
25.1672
3.5286
4.43989
19.8026
4.68283
15.2309
6.26297
28.4976
7.20943
16.3582
6.78845
6.58146
15.1714
4.30224
3.1772
18.0219
4.57951
18.3042
15.988
3.89774
9.385
4.44087
5.29322
6.89696
4.23254
18.3717
4.54215
7.19536
4.29059
3.4915
1.81905
12.6316
12.8512
4.11509
4.47287
3.86298
7.82641
10.6927
6.4631
4.15679
12.4676
3.14004
8.73573
5.19918
2.86415
3.97782
3.1538
2.86244
23.3561
3.13286
9.69978
24.8262
5.32566
4.29629
6.50839
4.51681
11.1546
13.3149
15.8909
16.9715
4.54289
6.20402
21.7201
22.1892
5.89613
9.32166
7.10969
4.98511
9.12514
13.5049
8.57498
2.55319
12.0784
8.37401
5.46155
9.84215
2.29012
3.99135
14.0693
4.59629
6.93812
3.4567
3.46496
16.59
4.19726
4.37244
11.765
14.2171
12.209
3.95112
10.1939
2.70643
5.72876
4.04563
2.42599
6.21369
6.40206
3.62893
13.7434
2.73554
2.22168
2.55208
2.46423
14.7288
2.26378
23.6814
14.1599
6.10529
8.91718
11.8719
4.53478
4.19035
3.93198
21.3742
13.8733
6.5025
46.6005
3.83626
6.77288
7.70827
4.77761
8.49852
14.2239
11.2285
4.51339
4.21827
2.2752
5.90607
24.8412
7.25495
24.2029
5.19889
14.8827
4.67685
5.7707
4.57906
8.58131
5.39373
4.63319
5.54643
3.68943
12.8567
2.73635
23.8688
3.3817
24.9103
11.6619
4.95883
25.9774
6.41933
6.46475
14.4753
13.5353
13.98
13.7138
5.98523
20.8492
5.80558
7.08366
4.38198
7.76375
4.59127
9.97279
6.4639
22.248
5.23336
14.8801
8.628
7.06064
14.0552
10.0777
15.2641
6.32781
16.4328
13.5923
8.97483
9.60858
4.89536
6.02744
7.30717
12.6671
21.8409
1.97645
5.18443
6.15936
5.34673
5.33857
5.10104
15.3272
4.78502
13.2159
5.18958
5.18498
4.89697
4.64834
6.02859
4.6424
2.92095
8.51141
8.2174
20.7899
9.62257
6.16994
8.33724
6.48055
9.47241
5.01155
4.85525
11.2702
12.436
2.32497
5.6824
13.3848
5.01258
18.7907
17.0417
7.34604
11.349
2.83618
6.03229
7.41072
19.054
13.5807
14.1776
13.799
2.2971
6.76691
4.85739
7.69094
31.3247
4.01023
17.7258
5.23493
8.04515
15.2069
4.89391
25.3932
7.3901
13.5347
7.01984
4.93367
14.8264
8.07146
2.75077
7.2929
6.10583
8.74227
4.96143
15.2423
2.84596
25.1314
3.87479
7.24278
21.6129
4.68717
8.51723
3.9445
7.0699
6.15706
13.7889
12.2646
5.03415
19.1872
18.5634
7.8685
5.76494
23.8314
4.39523
2.98873
20.0323
14.5219
5.39208
29.3671
6.95083
4.58063
7.1088
8.13064
2.79152
18.5792
18.3203
11.3748
6.79224
8.69081
14.7559
27.8282
9.91395
8.29785
2.80749
8.96976
28.0524
18.398
9.29134
7.71535
7.32102
4.87084
14.2547
25.1786
4.86517
16.8287
4.61555
22.8796
14.0936
4.90582
14.2316
7.45332
4.95743
21.9725
5.0272
14.6352
7.8277
5.08697
8.31318
7.89076
7.71043
6.61786
6.6139
14.0899
2.54363
13.7237
10.078
3.01654
8.24595
12.6296
4.81036
4.94703
12.7525
5.41981
9.59108
6.21782
6.39846
7.0438
11.8774
10.1115
21.7599
14.7998
11.0175
4.4838
11.9798
5.99126
15.8585
6.71048
8.4037
18.0863
14.7614
9.78455
5.09699
4.60203
4.49258
2.85867
7.43382
5.56401
13.0313
11.5336
8.34807
6.75782
2.6374
15.1413
16.073
7.77564
9.35565
2.85237
6.78894
2.23587
8.35924
8.63756
15.0989
14.2587
5.8063
6.65004
2.07
8.73242
3.33969
2.00182
7.42266
7.54192
10.6348
15.0348
1.96804
18.271
5.21899
6.49859
22.8602
3.10472
8.21881
6.64649
6.53749
3.71566
6.72755
5.14726
13.7573
16.2143
6.36612
10.1758
4.83992
2.49028
7.7026
5.7432
6.96618
7.71798
5.86049
12.9592
5.68872
6.54878
7.57804
24.9288
7.05874
9.49131
4.37644
6.19893
3.51114
6.19844
5.6067
12.4646
7.01367
4.60172
15.3526
21.9946
6.36881
6.61165
2.81712
4.8389
4.2944
4.58285
5.16811
13.7195
4.81589
6.4796
17.1922
4.62464
19.0635
6.79733
3.34231
16.5439
6.58924
1.80266
6.98045
4.04738
5.99576
19.3014
7.34605
12.3433
6.15077
21.3389
6.17321
24.3977
5.53016
21.419
4.92702
8.20025
21.5637
4.87423
4.95427
6.95394
5.41377
6.59552
9.76205
4.33129
27.3992
8.45471
2.3048
4.36674
12.2155
4.95991
4.67791
5.33371
4.30144
4.99595
4.46237
5.40206
4.59326
25.1473
6.42959
7.08344
26.572
4.66581
5.07308
6.04589
6.08343
13.9299
2.94468
4.26114
8.02104
8.74438
6.4937
5.71839
7.23886
25.2648
7.47191
13.7521
2.13894
4.57579
13.44
9.29039
2.63714
5.88763
4.60817
7.38435
4.41234
4.66785
2.59974
2.21486
14.0517
6.49567
5.39928
12.7095
21.94
5.58848
3.14039
7.04382
5.25447
4.42593
6.02066
2.81556
16.3979
6.89979
6.77035
7.33784
6.092
2.98134
26.9758
4.52956
5.04615
4.77032
18.5212
5.34507
4.76791
6.63188
25.2008
5.02675
8.93989
14.4381
7.0786
5.35242
8.94937
4.38238
5.84461
14.1106
19.7919
14.5124
6.81325
4.31376
10.6545
8.20428
6.66233
33.4792
6.22411
5.24228
2.62637
5.42932
11.7338
12.7776
7.18491
4.60889
9.23645
3.42687
7.95432
6.97395
2.62498
19.0003
3.1339
10.6653
2.62725
7.72018
23.0978
8.4913
8.45301
9.17874
4.06538
12.5396
4.99676
17.7615
2.46237
9.33351
7.54686
4.83073
13.7652
5.02556
16.3419
7.63691
29.2097
2.65692
4.4707
3.40394
7.29451
16.3039
7.98475
7.6061
15.3047
7.00972
4.67103
4.38259
8.99874
4.69422
6.63387
7.01977
5.99776
8.00265
9.69128
5.84837
5.17542
6.17699
2.62998
4.75105
7.72361
6.14246
4.64368
4.10757
14.186
6.99506
2.81035
16.8353
4.22295
9.38388
3.45121
12.3909
7.64526
5.78688
10.9269
10.8935
6.99764
5.58905
4.76253
22.3478
8.96087
6.61358
7.54626
2.68745
6.30263
2.53167
5.56445
25.8491
13.2263
5.79855
4.27333
5.07551
1.94114
4.20768
21.0975
6.34647
5.88798
12.538
4.93928
7.65673
3.96532
13.9374
12.1346
2.70602
4.62846
2.77472
8.32731
3.46983
4.63526
8.21576
6.07472
14.1255
19.3927
17.4977
4.33603
13.9782
7.69123
7.00739
14.1505
6.6983
6.26923
21.6844
3.71847
9.73102
9.22913
27.1323
9.35779
5.82872
26.6219
16.8492
4.28108
2.2335
4.68592
4.91492
11.4312
2.48869
13.2079
24.5163
11.6306
15.8456
16.1782
4.08193
2.47971
14.0907
15.078
5.96206
13.1475
6.96259
3.3902
6.6223
7.20256
5.38539
2.64978
8.74608
6.72324
4.41729
5.87743
4.62342
4.34265
4.24918
4.77025
4.65131
15.5902
8.22074
5.38341
6.18477
8.84428
7.08033
6.82195
7.16117
13.9535
14.3328
6.29489
17.4725
6.42212
4.43605
26.1947
13.8027
14.8377
6.2048
2.79149
13.1034
2.07517
9.21259
4.10592
4.4467
8.41542
4.48562
5.44918
3.51323
6.66514
7.23876
5.8128
7.84618
15.7562
9.23399
6.41637
4.34609
5.82552
5.31012
4.42415
9.70729
6.30627
3.71581
4.83985
8.26934
7.08365
7.3289
4.85212
6.41952
5.85552
15.3935
7.51219
4.02899
15.2214
4.65673
2.53953
4.75904
6.75918
2.50079
7.36873
4.8007
7.40343
15.5756
4.78919
4.66651
4.43861
6.1402
4.39963
2.94716
4.95391
6.71965
12.8145
5.9495
4.66316
5.20287
6.7996
2.80747
6.89828
7.1178
15.2824
9.10891
30.6688
7.23829
5.7532
13.3063
4.70246
16.8158
14.6799
8.1834
16.0285
11.2519
3.35897
8.34846
14.0094
6.51547
5.35321
1.84233
11.6379
4.74106
14.1227
5.00047
6.89465
2.47203
20.3819
13.8879
5.21036
2.57753
11.3343
16.5965
7.86654
24.5799
27.7659
12.6373
2.07788
3.94483
8.01414
2.69452
8.07794
6.71652
5.38257
2.70599
11.8778
4.25626
18.4613
4.76695
4.59561
24.7648
5.22561
